$ANSIBLE_VAULT;1.1;AES256
34623430306463616365393436643463656434313965343335383839643136363731616564393265
6137313932323234663566373837643366336135386262320a373230633438306230333534323137
62623036656431313538633435343261653238383363323965616466663962323837366366326466
3233663538303963650a663037336137623237353831356366343334353531353664346234616638
34313636316166393463663639323765396236353365363361643238663236653232373038643432
35323831366331653561316639616630613636643735376638396437666261363264323463663939
61656539313861383066336562613763363138333030656234613238613666343838363237623165
61646363303364623166396666333865366132653130343263353364306135306339646533383334
62356631613536633366633334326532353838313634346561373262616263633239333839343734
36653636633833633766393765386361346236633232643734613163613265396331353465313966
39316263343061356261323563326331633331366135393932613664633335616531393064313164
31633963383731336333346538376433363863303362336236393632666463306465613634343361
34333662633861643664636664626237343638306530383466306532663835663633336234666564
63303035393437323632613236623961343165333034616432356337623665303764356231326630
65366334366235623239303764336137353764663763323230643936333339383662633661636133
32646263316362316165393963633531636537653136616639333563336134323761303666393332
3462
